maxSpeed: 0.001
limits: [[[0.0007149999999999999, False], [0.0008024999999999999, False]], [[0.00021129999999999999, False], [0.00021129999999999999, False]], [[-0.0018709, True], [-0.0018709, True]]]
