points: [([17539.4296875, 16364.7919921875, 17233.591796875], [0.02366908657734161, -0.0038659623669667787, 0.001400630921125412]), ([17457.841796875, 16364.7958984375, 17233.595703125], [0.023597326543811997, -0.003869134967758286, 0.001442858949303627]), ([17403.248046875, 16364.7958984375, 17233.58984375], [0.023550651776456676, -0.00387103757353151, 0.001471150666475296]), ([17612.61328125, 16364.7998046875, 17233.58984375], [0.023736406584299527, -0.003862920025882637, 0.0013614501804113388]), ([17612.646484375, 16349.740234375, 17233.58984375], [0.02373603967322057, -0.0038786513814180546, 0.0013614818453788757]), ([17612.65234375, 16411.609375, 17233.59375], [0.02373361845568781, -0.003816221957665908, 0.0013614818453788757]), ([17612.654296875, 16467.439453125, 17233.591796875], [0.023730843574413785, -0.003760236586589481, 0.0013614818453788757]), ([17612.662109375, 16268.2958984375, 17233.59375], [0.023740587185339806, -0.00395948421348911, 0.0013614818453788757]), ([17529.423828125, 16357.482421875, 17233.59375], [0.023660694531468063, -0.0038722614288155908, 0.0014055520296096802]), ([17529.44140625, 16357.48046875, 17602.4453125], [0.023665000614117523, -0.0038718551946033773, 0.0010359808802604675]), ([17529.44921875, 16357.48046875, 17898.919921875], [0.02366337567726867, -0.0038709614793365084, 0.0007391106337308884]), ([17529.4609375, 16357.48046875, 18271.36328125], [0.023670444152561178, -0.003871042726178951, 0.00036747194826602936])]
transform: [[8.869803878042148e-07, -4.8457433621251766e-08, 8.276524354755566e-09, 0.008763333782553673], [3.886396271468584e-08, 1.000967699837929e-06, 1.3124399345088023e-09, -0.020950347185134888], [-5.233382012193033e-07, 1.0916454372400519e-11, -1.0003750503528863e-06, 0.027818895876407623], [0.0, 0.0, 0.0, 1.0]]
