offset: [0.022856370023049053, 0.007869661094451882, 0.004003690665838737]
yaw: 176.51130818280103
