offset: [0.01301055814937466, 0.009661647964099981, -0.00879218395029245]
yaw: 176.51130818280103
