offset: [-0.009611415272956947, -0.0035028352303925203, -0.0033204685896635056]
yaw: 176.51130818280103
