offset: [0.013009375369704899, 0.00916516758298371, -0.0049952993930601885]
yaw: 176.51130818280103
