clean: [0.021916579455137253, -0.020907729864120483, 0.006247999146580696]
rinse: [0.016350429505109787, -0.0002609025686979294, 0.002358203288167715]
extract: [0.03299922123551369, -0.007348993793129921, 0.010396329686045647]
collect: [0.021432645618915558, -0.007421381771564484, 0.0012589292600750923]
