clean: [-0.00040803104639053345, -0.010828476399183273, 0.008234487846493721]
rinse: [0.016350429505109787, -0.0002609025686979294, 0.002358203288167715]
extract: [0.03299922123551369, -0.007348993793129921, 0.010396329686045647]
collect: [0.021432645618915558, -0.007421381771564484, 0.0012589292600750923]
