clean: [0.013411145657300949, -0.01607683300971985, 0.003944305703043938]
rinse: [0.016350429505109787, -0.0002609025686979294, 0.002358203288167715]
