points: [([16736.748046875, 14688.1337890625, 5756.77001953125], [0.021392405506865626, -0.006868051412041994, 0.0007571391761302948]), ([16736.744140625, 14722.1640625, 5756.77197265625], [0.021393121553178976, -0.0068351132816278646, 0.0007571391761302948]), ([16736.74609375, 14836.6396484375, 5756.76611328125], [0.021393121553178976, -0.006719829825178409, 0.0007571391761302948]), ([16736.744140625, 14769.7578125, 5756.76611328125], [0.0213927635300223, -0.00678642213232002, 0.0007571391761302948]), ([16736.7421875, 14611.2939453125, 5756.77001953125], [0.0213913314373956, -0.006945026390727189, 0.0007571391761302948]), ([16736.7421875, 14644.76953125, 5756.77001953125], [0.021391689460552275, -0.006911730237156384, 0.0007571391761302948]), ([16648.994140625, 14722.349609375, 5756.76806640625], [0.021468306416080794, -0.006834397235314513, 0.0008046925067901611]), ([16758.171875, 14722.3818359375, 5756.77392578125], [0.021373788302718508, -0.006833323165844488, 0.0007473602890968323]), ([16848.28125, 14722.3916015625, 5756.77587890625], [0.02129538123140661, -0.0068318910732177865, 0.0007001496851444244]), ([16960.494140625, 14722.400390625, 5756.77587890625], [0.021201221141201, -0.006830458980591085, 0.0006419792771339417]), ([16823.24609375, 14722.3984375, 5756.77392578125], [0.02131614657449378, -0.006831175026904435, 0.0007146410644054413]), ([16823.24609375, 14722.40234375, 6085.43408203125], [0.021323307037627286, -0.006826162702710981, 0.0003863014280796051]), ([16823.25390625, 14722.412109375, 5458.19384765625], [0.021317220643963807, -0.006836545374254566, 0.0010165311396121979]), ([16823.234375, 14722.423828125, 4536.27587890625], [0.021305047856636845, -0.006848718161581527, 0.0019402392208576202])]
transform: [[-8.589371418565861e-07, 7.99608468327051e-09, 1.1051504600345652e-08, 0.035587090998888016], [1.3217284156041842e-08, 9.996713288273895e-07, 1.451001274688224e-08, -0.021855738013982773], [-5.221268111199606e-07, 0.0, -1.003384113573702e-06, 0.0152736259624362], [0.0, 0.0, 0.0, 1.0]]
