points: [([11008.0517578125, 11762.595703125, 8606.984375], [-0.0001777327822498214, -0.0006383797485185871, 0.003995200153440237]), ([11068.2275390625, 11762.595703125, 8606.9775390625], [-0.00022936908906411762, -0.0006356684199106263, 0.0039635999128222466]), ([11145.314453125, 11762.595703125, 8606.9775390625], [-0.0002946695752872298, -0.0006343253668227112, 0.003923100419342518]), ([11247.4599609375, 11762.599609375, 8606.9736328125], [-0.0003815746874316399, -0.0006325827237151966, 0.003868900006636977]), ([11129.42578125, 11762.6015625, 8606.9755859375], [-0.0002810507718109717, -0.0006361620464287082, 0.003930999897420406]), ([11129.41796875, 11830.41015625, 8606.9716796875], [-0.00028004246988901386, -0.0005691440539649761, 0.00393130024895072]), ([11129.4140625, 11915.0859375, 8606.9697265625], [-0.00027861353548226463, -0.0004847122667745205, 0.00393130024895072]), ([11129.4140625, 11706.666015625, 8606.9677734375], [-0.0002820711266663152, -0.0006901696034049283, 0.0039321002550423145]), ([11129.4140625, 11639.6123046875, 8606.9658203125], [-0.0002829383897544703, -0.0007558509627488193, 0.003931500017642975]), ([11129.41015625, 11772.7861328125, 8606.9638671875], [-0.00028099270104510595, -0.0006237494694926622, 0.003931500017642975]), ([11129.40625, 11772.7900390625, 9440.513671875], [-0.00027943483997506385, -0.0006237433975157211, 0.0030978000722825527]), ([11129.404296875, 11772.7880859375, 10274.7080078125], [-0.0002783537603022071, -0.0006234849951200804, 0.0022615003399550915])]
transform: [[-8.508457085554255e-07, 1.583546271888281e-08, 1.5823046206620006e-09, 0.008988420478999615], [2.2572020696998152e-08, 9.835943046709872e-07, 1.5860159019442932e-10, -0.012457040138542652], [-5.275859393805149e-07, -1.6390018231504655e-09, -1.0013526434704545e-06, 0.018441110849380493], [0.0, 0.0, 0.0, 1.0]]
