clean: [-0.00040803104639053345, -0.010828476399183273, 0.008234487846493721]
rinse: [-0.002038620412349701, -0.005973688326776028, 0.0002505127340555191]
collect: [0.0038677342236042023, -0.0001774136908352375, 0.001348242163658142]
extract: [-0.011439289897680283, -0.0008489680476486683, 0.011412449181079865]
